1.0039596432231,-0.176428943872452,-0.0355409421026707,0.114376433193684,-0.0119297495111823,0,0,0.112916052341461,0,-0.218714907765388,-0.012279137969017,-0.17248822748661,0,0.677664756774902,0,0,0,0,0.105927370488644,0,0,0.154458716511726,0.315125435590744,0.0796148180961609,0.139263659715652,0.0385204590857029,0.16763710975647,0.106777615845203,-0.159925609827042,0,0.00941719394177198,-0.0729137733578682,-0.184503600001335,-0.0869813859462738,0.204881191253662,-0.0285397339612246,-0.0133010894060135,0.0135612394660711,0.0742117241024971,0.0479245781898499,0.255332440137863,0,0.123075269162655,0.0530629716813564,0,0.251511037349701,0.137210384011269,0,0,0.526356339454651,0.15317976474762,0.277427017688751,-0.0680487304925919,0,0,0.0662877708673477,0,0,-0.0329623408615589,-0.00485137244686484,0.112109176814556,0,-0.166222155094147,0.055013082921505,-0.281888037919998,-0.208532214164734,0.00098347058519721,0,-0.159213945269585,0,0.0740764588117599,-0.172051846981049,0,0,0.214479893445969,0,-0.241332545876503,0.17404368519783,0,0,0,0,0,-0.0206078235059977,0,0,0,-0.128681987524033,0,0,0.359626442193985,-0.337764769792557,0,-0.0304798744618893,0,0,0,0.339831829071045,-0.123198784887791,0,-0.082946315407753,0,-0.0894709601998329,-0.150392174720764,0.01153623778373,0,0,0,0.0224583297967911,-0.110893711447716,0,0,-0.123445622622967,0,0,0.0384713709354401,0.259714931249619,-0.176053553819656,0,0,-0.239534020423889,0,0.30094501376152,0,0,0,0.084811195731163,0,0,-0.120583191514015,-0.0226301103830338,0,-0.0577241070568562,0.105201117694378,0.0498521439731121,0,0,0,0,0,0.122998312115669,-0.136091470718384,0.0280856098979712,0.201340943574905,0.0602124407887459,0,0.200713098049164,0,0.198798060417175,0,0,-0.0683465749025345,0,0,-0.257234245538712,0.0227982942014933,-0.0172309912741184,0,0,0.120336256921291,0,0.181491434574127,-0.314723253250122,0,-0.192438185214996,0,-0.197539448738098
-0.176428943872452,1.00669816252306,0.102838777005672,-0.00702562509104609,-0.274963080883026,-0.816778540611267,0,-0.617223560810089,-0.0356918051838875,-0.0254717990756035,0,-0.0922190323472023,0,-0.0697843134403229,0.221841424703598,0,0,0,-1.21529185771942,0,0.0127343935891986,-0.691443383693695,0.365563154220581,-0.243681356310844,-0.0396503917872906,0,0.0878189951181412,-0.248365595936775,0.0070087700150907,-0.0469230562448502,0,0,-0.0991757437586784,-0.0425348319113255,-0.0213980469852686,-0.040012814104557,0,-0.212845653295517,0,-0.057068295776844,-0.269645243883133,-0.117867276072502,-0.30731612443924,0,-0.0743438899517059,-0.00921244546771049,-0.596735060214996,-0.168493509292603,0,-0.113817073404789,0,0,0.0153079545125365,0,0.01491495128721,0,0,0,-0.175036832690239,0.0952458009123802,0,-0.0326452851295471,0,0,0,-0.125719919800758,0,-1.29513335227966,-0.375241070985794,-0.195171818137169,0,-0.0601127780973911,0,-0.142411887645721,-0.130307167768478,0.0551835373044014,-0.156556591391563,-0.0256280191242695,0,0,-0.061435092240572,-0.492199450731277,-0.10516595095396,0,0,0,0,-0.451180011034012,0,0,-0.171427145600319,-0.109683245420456,-0.0236160028725863,0.00950327794998884,-0.0566758178174496,-1.24886739253998,0.132877230644226,-0.034231286495924,0,0,-0.100677624344826,-0.0729895830154419,0,-0.213421761989594,-0.0915349870920181,-0.343192905187607,-0.107316859066486,0.255168199539185,0,0.138112872838974,-0.219669848680496,0,0.0321743004024029,-0.244990706443787,0.00941889360547066,0,-0.360173761844635,-0.311137765645981,-0.201025605201721,0,0.0216531082987785,0,0,0,-0.117461398243904,-0.144004002213478,0,-0.0469660498201847,0,-0.206568524241447,-0.0844900533556938,0,0,0.0734439864754677,0,-0.539417505264282,-0.191467687487602,0,-0.101313278079033,-0.0473596081137657,-2.19776058197021,0,0.025451572611928,-0.0169096048921347,-0.221741914749146,-0.0645812451839447,-0.86778062582016,0,-0.405062526464462,-0.428305894136429,0,-0.0511373095214367,0,-0.00312187778763473,0.020973002538085,0,-0.0998009964823723,-0.0449431985616684,0,-1.57533860206604,0,-0.538341999053955,-0.0776323899626732,-0.288801789283752,0.0313258171081543,0.0603340156376362,0.0393850319087505
-0.0355409421026707,0.102838777005672,1.00498218580771,-0.180373713374138,0.0553478077054024,0.248555675148964,0,0.555310666561127,0,0,0,0.164675608277321,0,0.180056720972061,0,0.2864029109478,-0.0962929353117943,0.187488093972206,0.655943930149078,0.0954672247171402,-0.109865665435791,0.952722251415253,-0.285991072654724,0,0.145443961024284,0,0,0.25099641084671,0,-0.255072087049484,0,0,0.311481595039368,0,0.191967263817787,0,0,0.163746058940887,-0.0370658524334431,0.0519531555473804,0,0.106080323457718,0,0,0.04188546910882,0,0.241442233324051,0,0.434031695127487,-0.00232964754104614,0,0,-0.187415927648544,0,0.0937748327851295,0.00186209008097649,-0.0233221873641014,0,0.0810495167970657,-0.809463024139404,-0.0952143743634224,0.0464324913918972,-0.300552189350128,0.187100306153297,0,0,0.219344690442085,0.746847867965698,0.533069014549255,0,0.211728140711784,0,0.102459311485291,0,0.307844012975693,0.209424063563347,0.378996402025223,0,0,0.179906830191612,0.227047696709633,0.63173896074295,0.0784832686185837,0,0,0.0620656386017799,0,0.442551255226135,0,-0.160443872213364,0.481971681118011,0.167911693453789,0,0,0.0336529351770878,1.08128976821899,-0.115603908896446,0,-0.0197404343634844,0.0657812431454659,0,0,0,0.208510309457779,0,0.519516706466675,0.0681500285863876,-0.141861811280251,0,-0.0910266935825348,0.0756517648696899,-0.0972696244716644,0,0.117294907569885,0,0.0311907380819321,0,0.547607958316803,-0.00577847519889474,0.129189282655716,0,0,0,0,0,0,0,-0.101217649877071,-0.163151532411575,0.560491740703583,0,0.0787587314844131,0.71383136510849,0,-0.0990596115589142,0.204207465052605,0.237204045057297,-0.203942164778709,0.108208350837231,0,0.642260909080505,-0.292695820331573,0,0.255660384893417,0.0411245934665203,0,0.0423192530870438,0,0.0225800890475512,0.710581839084625,0,0.0834303423762321,0.16575700044632,-0.049514003098011,0,0,0.0850704312324524,0.166809588670731,0.0301367156207561,0.616261541843414,0.108369283378124,0.189075484871864,0,0.268282979726791,0,-0.194761261343956,-0.401025861501694
0.114376433193684,-0.00702562509104609,-0.180373713374138,1.00287780318945,-0.148295655846596,0.0261805020272732,0.197943612933159,0.271812468767166,-0.0404464341700077,0.165031492710114,0.0659257397055626,-0.0144568728283048,0,-0.135287418961525,0,-0.0395527333021164,0.157048732042313,0,0,0.203395023941994,0.00740014482289553,0.144743084907532,-0.120298460125923,0.0830948725342751,0,0.079976387321949,-0.0196095407009125,0.152697384357452,-0.201460495591164,0.0562754273414612,0,0,-0.0883336141705513,-0.154874190688133,-0.184220120310783,0.0713680982589722,0.0878899246454239,0,-0.0470353290438652,0,0,0,0,0,-0.0319187305867672,-0.0991098061203957,0,0,-0.091370202600956,0,0.0139180989935994,-0.236248835921288,0.209389746189117,0.0656732246279716,0.227320238947868,0,0.0472452566027641,0,0,0,0.190456792712212,0,0,0,0.107611261308193,0.0984858274459839,0.0591323226690292,0,0,-0.0802402570843697,0.192545861005783,0.136425465345383,0,0,0.0270746499300003,0.194511741399765,0,0,0,0.332988142967224,-0.0521742552518845,-0.0687818229198456,0.346249908208847,0,0,0.0881004333496094,0.145380139350891,0.155774533748627,0.203150942921638,0,-0.14889831840992,0,0,0.00963635183870792,-0.154202565550804,0,0,-0.117609560489655,0,0,-0.0747895911335945,0.133110120892525,0,0.308385848999023,0,-0.0923114195466042,0,0.0131229050457478,0,0.231817200779915,0.0303389988839626,0,0,0.105608001351357,-0.0125084603205323,-0.172024235129356,0.00927133951336145,0,0.0375199764966965,-0.126472920179367,0,-0.212721884250641,-0.131384909152985,-0.321161180734634,0,0,-0.0519349314272404,0,-0.323464602231979,0.033819142729044,0,0,0.00246319733560085,-0.0961558297276497,0,-0.039850577712059,-0.271717667579651,-0.168896317481995,0,-0.000373232382116839,-0.211744025349617,0,0.107215397059917,0,0.0209094379097223,0.150548353791237,0,0,0,0,0,0.0792884901165962,0.07962716370821,0.0599673502147198,0,-0.207728520035744,-0.160211488604546,-0.00712134130299091,0,0,0,-0.17638011276722,0.104492917656898,0,0,0.184313833713531,0
-0.0119297495111823,-0.274963080883026,0.0553478077054024,-0.148295655846596,1.00359378895067,-0.407428324222565,0,-0.0333527065813541,0.258525460958481,-0.146606773138046,-0.0139342593029141,-0.199578568339348,0.464136838912964,0.0577986165881157,0,0.108661450445652,0.14895361661911,-0.0286793373525143,-0.215082541108131,0,-0.0441619493067265,0.0879847705364227,0,0,0,0,0,-0.202927097678185,0,0,-0.00978785753250122,0.0123832579702139,0,0,0.00201269658282399,0.32524961233139,-0.00387190049514174,0,0,0,-0.145558759570122,0.0418794266879559,0,0,-0.0167483873665333,0,-0.0684912726283073,0,0,0,0.0985698103904724,0,0.152778148651123,0.0827604681253433,0.372119843959808,0,-0.135755196213722,0,0,-0.0531140826642513,0.238951921463013,-0.339944124221802,0,0.0824209973216057,0,-0.0742774978280067,-0.0201674308627844,0,-0.0389294698834419,-0.109939761459827,0.238101720809937,0.154770568013191,0,-0.15030100941658,0,0.276466548442841,-0.385811537504196,0,0.418958514928818,0,0,-0.0500907264649868,0.109853990375996,-0.268318474292755,0.0295088142156601,0,0.317928910255432,-0.271899729967117,0.0936262235045433,-0.362462133169174,-0.126634195446968,0,0,0,0,-0.60152804851532,0.204557716846466,0.172014579176903,0.283983170986176,0,0,0.139497205615044,0,0,0.184327974915504,0,0.135339975357056,-0.273217022418976,0.36803874373436,0,-0.0735672488808632,0,-0.114672154188156,-0.0322367660701275,0.180374667048454,0.121730990707874,-0.0145343216136098,-0.136413857340813,0.29261702299118,0,-0.288921773433685,0,-0.2415711581707,0,0,-0.275158673524857,0.0515183061361313,0,-0.21534226834774,0,0.0440849438309669,-0.124873325228691,0,0,0.161348834633827,-0.274675905704498,0,-0.075525663793087,-0.0752774178981781,0.342452436685562,-0.523338675498962,0.135900035500526,0,0.100235864520073,0,0,-0.233713641762733,0.339141011238098,0,0,0.105213575065136,0.00751620903611183,0.0722198039293289,-0.00709522049874067,0,0,0.270608335733414,0.011056830175221,0.339683532714844,-0.210210293531418,0.0192881505936384,-0.269777625799179,0,0,0,0.586651682853699,0.0059278542175889
0,-0.816778540611267,0.248555675148964,0.0261805020272732,-0.407428324222565,1.00310181117775,0,-0.133981466293335,0,0,0.067843995988369,0.0563861802220345,0,-0.171987846493721,0.110625356435776,0,0,0,-0.476591855287552,-0.095382533967495,0.128197729587555,0,0,-0.265850752592087,-0.121574200689793,0,0,-0.0760309100151062,0,0,-0.151237294077873,0,0.274155050516129,0.101912744343281,0,0.124941684305668,-0.140127211809158,0,0.0603466853499413,0.0066230776719749,-0.0967426598072052,0,-0.32216140627861,-0.0985316261649132,0,0,-0.0978556051850319,-0.0298317316919565,0,0,0,0.27620941400528,-0.0101690180599689,0.0601911433041096,0,0.185643792152405,0,0.0831352695822716,-0.0752375721931458,0.0802273377776146,-0.174263209104538,0,0.0630152150988579,0,0,0,0,-0.544355869293213,-0.0129861682653427,0,-0.0288219582289457,0,0.162172824144363,0.034393560141325,0,0.032632652670145,0,-0.0332288593053818,0,0,0,-0.197767347097397,0,0,0,-0.127418875694275,0.00825695600360632,-0.315489649772644,-0.119204826653004,0,0.221881911158562,0,0,0.0704258978366852,0.158566638827324,-0.508037984371185,0.190046861767769,0,0,-0.16373299062252,0.0154297268018126,0,0.000830861215945333,0.280013114213943,0,-0.0308908261358738,0.165245562791824,0,0,0,-0.249059572815895,0,0,0.0191817488521338,0.221401900053024,0,-0.0525813475251198,0,-0.0562391243875027,0.122923783957958,-0.527626216411591,0.0669625028967857,0,0.312338054180145,-0.0658291801810265,0,-0.150032535195351,0,0.125007182359695,0,0.0116679826751351,-0.0910169184207916,0,0,0,-0.354309767484665,0,-0.111153230071068,0,0.140761166810989,-1.20965993404388,-0.191520258784294,-0.11206854134798,0,0.0149580156430602,0,-0.923206448554993,0,0,-0.231585696339607,0.0899940952658653,0,-0.054735329002142,-0.276302188634872,0,-0.00183844857383519,0,0,-0.0295322686433792,-0.564861178398132,0,-0.246793881058693,-0.154589861631393,-0.0998352020978928,0,0.129673734307289,0
0,0,0,0.197943612933159,0,0,1.00207764623295,0.305230438709259,-0.281855970621109,0.0832701474428177,0.107725240290165,0,0,0.423015922307968,-0.00629294104874134,-0.220369398593903,-0.0406695157289505,-0.306852877140045,0.699959993362427,0.170401901006699,0,0.512501537799835,-0.105594135820866,0,0,0,0,0.264114767313004,0.412084996700287,0,-0.317475527524948,0,0.377087354660034,0.522647082805634,0.0356461405754089,0.122071519494057,-0.0218491237610579,0,0.204971730709076,-0.120604194700718,0.240381702780724,0.261101871728897,0,0,0,0,0.344759166240692,0,0.46081480383873,0.367750376462936,0.268155217170715,0.170857965946198,0.0715437456965446,0,0,0.182426393032074,0.00524239288643003,0.0207702610641718,0.159459203481674,-0.214618742465973,-0.415647000074387,-0.112186722457409,0.0685608014464378,0,0.0815325751900673,0,-0.111265026032925,0.442851543426514,0.0152617590501904,0.180154010653496,-0.0729304775595665,-0.0609304383397102,-0.0973853319883347,0,0.442115515470505,0,0,0.0830342397093773,0.362354755401611,0,0,0.349884063005447,0,0,-0.112866871058941,0,0.37664669752121,0.187115684151649,0,-0.330668121576309,0.33590093255043,0,0.202460154891014,-0.312627404928207,0,0.581558108329773,0,0.201431825757027,0.172641932964325,0,0.37771874666214,0,0.238014206290245,0,0,0.306323111057281,0.123289704322815,-0.0116355996578932,0.139190569519997,0.13063833117485,0,0.187943905591965,0.254078716039658,0.397208988666534,0.166936233639717,-0.134412854909897,0.345817446708679,0.298900276422501,0.228786453604698,0.500152707099915,-0.281922161579132,-0.000573625438846648,0,0.0676275938749313,0.449250012636185,0.108497343957424,0,-0.283139765262604,0.164802581071854,-0.11357918381691,0.0530017726123333,-0.216796934604645,0.145021602511406,0,0.394170522689819,0.122256338596344,0.148587957024574,-0.0111397737637162,0,0.0844063013792038,0.28632727265358,0.136793524026871,0,0,0.442421853542328,0.0575074777007103,0.0626926571130753,0.0107137486338615,0.596299409866333,0.379520893096924,0.137222558259964,0.326816111803055,-0.0724262073636055,0.0598030760884285,-0.0895695388317108,0,0.225380718708038,0,-0.208959549665451,0.513109862804413,0.127960547804832,0.059642381966114,0,0.288229376077652,0.117017030715942,0,0
0.112916052341461,-0.617223560810089,0.555310666561127,0.271812468767166,-0.0333527065813541,-0.133981466293335,0.305230438709259,1.00452354239163,0.0815644934773445,-0.0716294795274734,0,-0.0662976428866386,0,-0.212118163704872,0,0.101624950766563,0,0,-0.611984193325043,0.0457270070910454,-0.0521708056330681,-0.225296825170517,0.147659778594971,0,-0.0568334981799126,0.0857878029346466,0,0,0.176457017660141,0.205811038613319,0,0.0950707420706749,0.000160311319632456,-0.119990110397339,0,0,0.223584890365601,0,0,0.0588155202567577,-0.0151683054864407,0,0,0,0,0,-0.366986870765686,0.031588613986969,-0.174755424261093,0,-0.354466527700424,0,0,0.0911809056997299,0.00451438035815954,0,0.153973653912544,-0.0400192216038704,0,0.210527628660202,0.180025428533554,0,0,-0.0832680240273476,-0.0474276654422283,0,-0.325094312429428,-0.244381964206696,0,-0.230445295572281,-0.322111159563065,0.101460792124271,0.0652052387595177,0.133327841758728,-0.174175500869751,0.0484817698597908,0.267107725143433,0,0,0,-0.326631188392639,0,0,0,0,0,-0.0925321727991104,0,0,0.0420860573649406,-0.268242210149765,-0.124631270766258,0,-0.189392954111099,0,-0.558452427387238,0,0.0552262552082539,-0.0119610950350761,0,0,0,0.0572325028479099,-0.0223881006240845,-0.00805792864412069,-0.194256946444511,-0.125290751457214,0.147518575191498,0.258315712213516,0.0407522805035114,0,0,0.0356904417276382,-0.210977301001549,0.015878127887845,-0.0202053859829903,-0.221283718943596,-0.0218866504728794,-0.00465619098395109,-0.0526723228394985,-0.189116016030312,-0.241284295916557,-0.07644934207201,0.244534358382225,0.0886155366897583,0,-0.0138980904594064,-0.0941168963909149,0,-0.247395306825638,0,0,0.193904593586922,0,0,0,0,0,-0.0774966105818748,0,-0.900439977645874,-0.017877584323287,0,0,0,-0.157414466142654,-0.311190903186798,0.0667700171470642,0,-0.23258413374424,0.097080260515213,0,-0.314455896615982,-0.0585660077631474,0,0.124004021286964,0,-0.143950283527374,0,-0.520419359207153,-0.0809114128351212,0,0,0,0,0,0
0,-0.0356918051838875,0,-0.0404464341700077,0.258525460958481,0,-0.281855970621109,0.0815644934773445,1.00187219396534,0.704398691654205,0.438955366611481,0.567059755325317,0.150835812091827,0,-0.174983814358711,0,0,-0.0299977362155914,0.792120039463043,0.465055018663406,0.0752668455243111,0.199773922562599,-0.0648825541138649,0.153859987854958,0,0,0,0.672697246074677,0,0.114632464945316,-0.259941011667252,0.0786176472902298,0.233869820833206,0,-0.160893127322197,0.0851566419005394,0.379953175783157,0.379653543233871,-0.182463452219963,0,0.260726243257523,0.246065676212311,0.0872875899076462,-0.317737996578217,-0.0155828027054667,0,0.244013831019402,-0.450231552124023,0.0985528230667114,0.00602627778425813,0.188730672001839,0,-0.342298239469528,0,0,0,0,-0.33610013127327,0,0,-0.262089908123016,0.097059354186058,0,-0.109563104808331,0,0.0327951945364475,-0.1203773021698,0.37792095541954,0.220984503626823,0.281307607889175,0.08897764980793,0.135599806904793,0.245822370052338,-0.220827832818031,0.49210262298584,-0.134533882141113,0.19844263792038,-0.20877143740654,0,0.19173102080822,-0.00816820748150349,0.279189467430115,0.668285965919495,0,0,-0.209181934595108,0.157205149531364,0.466924041509628,0.622302412986755,0.0156256332993507,0.0832173675298691,0.0206776820123196,0.277891129255295,0.00993027631193399,0.0193441286683083,0.767074048519135,0.227447316050529,0,-0.0104781426489353,0.0136701483279467,0.478719264268875,0,0.354986786842346,0.217240646481514,-0.0139726456254721,0.500396549701691,0,-0.0577672682702541,0.00931886956095695,0,0.306056380271912,0,0,0.134920239448547,0,0.0203326586633921,0,0.227702811360359,0,0.398042261600494,-0.10738167911768,-0.157560884952545,0.230013623833656,0.385306715965271,0.554218351840973,0.0938484147191048,0.166038036346436,-0.0965349301695824,-0.0542418397963047,-0.175490349531174,0.0613091066479683,0,0.138981133699417,-0.266450971364975,0,0.0845322757959366,0.0161793678998947,-0.312685549259186,0.272762447595596,0.0734600573778152,0.447060167789459,0.17087022960186,0.0946401953697205,0,0.349986165761948,0,0.22019100189209,0.112832061946392,0,0,0.313211292028427,0,0,0.22176069021225,-0.136323541402817,0.0263537839055061,-0.167074993252754,0.129525169730186,0.00617178156971931,0.412021845579147,0.0152361793443561,0.375522553920746,0,0.378853648900986,0,-0.154405415058136,-0.0324796289205551
-0.218714907765388,-0.0254717990756035,0,0.165031492710114,-0.146606773138046,0,0.0832701474428177,-0.0716294795274734,0.704398691654205,1.00376949522031,0.172271713614464,0.00740954140201211,0,0.275652647018433,-0.118282772600651,0.0241675525903702,0.0302010718733072,0.142896041274071,0.0309728570282459,0,0,0.0624786280095577,0,0.462754487991333,0,0,0.106044501066208,0,0.297862231731415,0.0802155360579491,0.0120721710845828,-0.0578547902405262,0,0.117358632385731,-0.0499229691922665,0,-0.0880067870020866,0,-0.29716169834137,-0.137094736099243,0.0371585376560688,-0.10537987947464,0.143472492694855,-0.079041987657547,0,0.285092085599899,0,0,0.162129342556,0.140344128012657,0,0.0679921582341194,0,0,-0.278842449188232,-0.058292742818594,-0.113626472651958,0.0640051141381264,0.211555227637291,-0.221183851361275,-0.232441738247871,0.173917129635811,-0.138212412595749,0,0,-0.20054866373539,-0.0980520471930504,0.267729133367538,0.0657852962613106,0,0,-0.0831552073359489,-0.049629807472229,0.34545624256134,0.111442819237709,0,-0.00907518155872822,0.29618313908577,0,-0.0911688804626465,-0.105674423277378,0.317538321018219,-0.564971804618835,-0.304595917463303,-0.0973955094814301,0.255450993776321,-0.326191335916519,0.278574168682098,0,0.0424529574811459,-0.00742593826726079,0,0,0,0.08868657797575,0.12298209220171,0,0,0.441709727048874,0.107000447809696,0,0,0,-0.0705959126353264,-0.300703465938568,-0.176326081156731,0,0,0.215827763080597,-0.0355714708566666,-0.238174006342888,-0.185304716229439,0.311422795057297,0,-0.0392308123409748,-0.062292817980051,0,0,0,0.126422062516212,-0.158341750502586,0,-0.053254421800375,-0.122012972831726,0.19948311150074,0,0,0,-0.143263399600983,0.10978127270937,0,0,0.178654938936234,0,0.0688480660319328,0.179477900266647,0,0.091217003762722,0,0.00495311198756099,0.0804677605628967,0,0,0.298440873622894,0,0.212356671690941,0,0.232508897781372,0.0448605455458164,0.172023668885231,0,0.202838376164436,0.471665650606155,-0.0351825021207333,-0.12222158908844,0,0.196680724620819,0,-0.378328025341034,0,0,0,0.0951660498976707,0.234124958515167,0,-0.176894813776016,-0.00262595620006323
-0.012279137969017,0,0,0.0659257397055626,-0.0139342593029141,0.067843995988369,0.107725240290165,0,0.438955366611481,0.172271713614464,1.00219664663611,-0.273924738168716,0,0,-0.197438910603523,-0.0392774008214474,0,0,0.474521785974503,-0.208766847848892,0,0.315137028694153,0,0,0,0.12431313097477,0,-0.0173867102712393,0.105163797736168,-7.78818284743465e-05,-0.1614830493927,0.096397340297699,0,0,0,-0.166658967733383,-0.0459977351129055,0.174326986074448,0.265750199556351,0.0964380130171776,0.615866243839264,0.143669188022614,0,0.243684664368629,0,-0.0517277158796787,0.119117900729179,-0.0153234107419848,0,0.150608777999878,-0.072392649948597,0.147429212927818,0.127842351794243,-0.140620350837708,0,0,0.0314151421189308,0,0.741030395030975,0,0.229735121130943,-0.15126071870327,0.0316897816956043,0,0,0.192719385027885,-0.0210300199687481,0.021414291113615,0,0.00120061845518649,-0.0225719846785069,0,0,0.201401382684708,0.185121834278107,0.135520115494728,0,0,0.15615402162075,-0.0109749240800738,-0.123229704797268,0.03720847889781,0.102047026157379,0,0.197708010673523,0,0,-0.376946717500687,0.178145036101341,0,0.214577034115791,0,0,0,-0.0851317867636681,0.277881115674973,-0.0517117045819759,0,-0.44946226477623,0.025387542322278,0.180494517087936,0,0.0719800516963005,0.197377249598503,0.245988562703133,0.112721525132656,0.103511027991772,-0.421660214662552,0,0.274435251951218,0.361801326274872,0.0122859971597791,0.0428841188549995,0.0240635741502047,-0.284871608018875,-0.0601597242057323,-0.188372403383255,0.140127912163734,0,0,0,0,0,0.435615628957748,0.147642344236374,0,0,-0.539008319377899,0.425006598234177,0.122583650052547,0,0.0637025758624077,0.171443521976471,0,0.0327936261892319,0.105168029665947,0,-0.03934645652771,-0.247900903224945,0.0761070251464844,0.359131276607513,0,0,0,0.0726859569549561,0,0.130502060055733,0.00854805018752813,0.230082482099533,0.544894695281982,-0.12008311599493,-0.118448130786419,-0.380914986133575,0.277511596679688,-0.297278553247452,0.0357993394136429,0,0,0.277926743030548,0.0916618630290031,-0.115100905299187,0,0,0,-0.233164921402931,0.182436674833298,-0.303880602121353
-0.17248822748661,-0.0922190323472023,0.164675608277321,-0.0144568728283048,-0.199578568339348,0.0563861802220345,0,-0.0662976428866386,0.567059755325317,0.00740954140201211,-0.273924738168716,1.00403562069349,0,0.28119432926178,-0.063124418258667,0,-0.00423121359199286,-0.0511629357933998,0.0378308817744255,0,-0.170252129435539,0,-0.0442801788449287,0,-0.217336475849152,0.157320484519005,0,-0.199312210083008,0.27744734287262,0,0,0,-0.0147386705502868,0,0.382052183151245,-0.0883370116353035,0,0,0.227656945586205,0.264014631509781,0.259649068117142,0.30766561627388,0.40152645111084,0,-0.162492692470551,0.10680440813303,0,0.0736516118049622,0.0116476537659764,0.103430941700935,0,0.00899984501302242,-0.00252103758975863,-0.00224060798063874,0,-0.127072900533676,0,0,0.0483097210526466,0.0967364236712456,0.315713703632355,0,-0.172439441084862,0.230476886034012,0.0329242758452892,0.0472448319196701,0,0,0.0132667198777199,0.0892027765512466,0,0,-0.0589642412960529,0.195626467466354,0.223375082015991,0,0.00443991273641586,0.20700441300869,-0.0411975644528866,-0.146123707294464,0,-0.152275741100311,0,-0.181840524077415,0,-0.0432670563459396,0,0,-0.0521590858697891,0.121592953801155,0.274850815534592,-0.119857296347618,0.107479698956013,-0.0194309893995523,-0.0349350795149803,-0.0150531157851219,0,0.0370623357594013,0,0.0304562225937843,0,0.126121923327446,0,0,0.317937582731247,0.00846146978437901,0.0687688663601875,-0.0276167057454586,0,0,0.177203714847565,0.0243270415812731,0.0443038456141949,0.108714513480663,-0.262823194265366,-0.123615004122257,0,-0.0196158196777105,0,-0.190560594201088,0,-0.184882670640945,0.124176524579525,-0.173982724547386,0.123596675693989,0.148469239473343,0,-0.11589902639389,0.185707703232765,0,0,0,0,-0.0776566937565804,0.0686593726277351,0,-0.0314129926264286,0.258650809526443,-0.0838500335812569,0.221603333950043,0,0,0.171715974807739,-0.182572945952415,0,0.246065348386765,0,0,0,0,0.0174370016902685,0.421859055757523,0,0,0.0817954689264297,0,0,0,0.152753666043282,0,0,0,0.223370671272278,-0.0963408052921295,0,0.215351238846779,-0.193014368414879
0,0,0,0,0.464136838912964,0,0,0,0.150835812091827,0,0,0,1.00297300789464,0.0964920669794083,0.241649925708771,-0.0899385586380959,-0.203315407037735,-0.00805223640054464,0.258641272783279,0,0.0459038950502872,0.762307941913605,0.0827818289399147,0.250965893268585,0,0,-0.0265026018023491,0.263371497392654,0,0,0.301607608795166,0.667957782745361,0.398084580898285,0.512396156787872,0.25999054312706,-0.0164900179952383,-0.345856189727783,0.22718657553196,0,0,0,0,0,0,0,0.313062578439713,0.0544494427740574,0.0871524587273598,-0.476950705051422,0,-0.168213665485382,0.408796608448029,-0.371671348810196,0,0,0.230294302105904,-0.0390933975577354,-0.021167054772377,0.38879781961441,-0.0948381647467613,0.373788446187973,0,0.308201938867569,-0.0435618050396442,0,0.083220086991787,0.0528618544340134,0.526176810264587,0.293140947818756,0.169971853494644,0,0.142494112253189,0,0.531518578529358,0.212552279233932,-0.414939254522324,0.139278993010521,0,0,-0.00365524063818157,0,0.968117773532867,0.122962571680546,-0.0380696840584278,0,0,-0.38785782456398,0.216164082288742,0.154839515686035,0.218368962407112,0.087742879986763,0.471018970012665,-0.351158320903778,0.129454717040062,0,0.838042616844177,-0.504798114299774,0,0,0.288959264755249,0.0313305258750916,0,0.179606512188911,0.286257416009903,0.170575708150864,0.231375470757484,0,-0.281505048274994,0,0,0.222655937075615,0.0564736910164356,0,0.0648249909281731,0,0,0.186138242483139,0.230865061283112,0.0188495833426714,0,0,0.160888627171516,0.138398915529251,0.19318699836731,0,0.575208246707916,0,0.00965048838406801,0.0689255222678185,0.237226784229279,0.0553183704614639,0.0443418063223362,-0.300304502248764,0.0055987099185586,-0.151902481913567,0.770035564899445,0.493617653846741,0,0,0.131331220269203,0.741124272346497,-0.351775169372559,0,0,0.283090710639954,0,0.212299540638924,-0.17203064262867,0.143767446279526,0.338705122470856,0.0279317684471607,0,-0.238554626703262,0.0750577598810196,-0.00750702200457454,0,0,0,-0.333439648151398,0.645178139209747,0.0531469881534576,0.119836039841175,0.0765686333179474,0.260014712810516,0.0926390886306763,0,0.240979447960854
0.677664756774902,-0.0697843134403229,0.180056720972061,-0.135287418961525,0.0577986165881157,-0.171987846493721,0.423015922307968,-0.212118163704872,0,0.275652647018433,0,0.28119432926178,0.0964920669794083,1.00248658122475,-0.160779565572739,0.265546828508377,0,0.226505905389786,-0.260425955057144,0,0,0,-0.118766129016876,0,0,0,-0.271006375551224,0,0,0.177115589380264,0,0,0.141541257500648,0.0206697434186935,0.0797412469983101,0.0864732638001442,0,0,0,0.219859331846237,0.229805395007133,0.0174156986176968,-0.378838419914246,0,0,-0.386018633842468,0.010250361636281,0,0,-0.0371014550328255,0.287562966346741,0.156268194317818,0.0308159627020359,0.0863132923841476,0,0.0420197024941444,0.298733294010162,-0.101868003606796,0.380601584911346,0.52419775724411,0.302783519029617,0,0.090574286878109,-0.0480194017291069,0.450304329395294,0.162343561649323,0,-0.0125604700297117,0.0889803171157837,-0.206482395529747,0.0360952205955982,0.294266939163208,0.290590137243271,-0.0123225385323167,-0.020022151991725,0.0144394310191274,0.446217000484467,0.00387953012250364,0,0,0.214256703853607,-0.29758819937706,0.280668973922729,0.343394666910172,0,0,0,0.095241442322731,0.0859877690672874,0.396608352661133,0,0.168340399861336,-0.116992183029652,0.248174503445625,0.17004083096981,-0.00308468285948038,0.310538053512573,0,-0.411179482936859,0.130639672279358,0.537120521068573,0,0.0579403527081013,0.56880909204483,0,0.0413123816251755,0.489732027053833,0,-0.0887170061469078,0,-0.0632622092962265,0.0869364440441132,0.103172898292542,0,0,0,0,0.0574862211942673,0.185390874743462,-0.479843825101852,-0.317790985107422,0,-0.269373416900635,0.522345721721649,0.0578021667897701,-0.0172262284904718,0.148963540792465,0.0379337519407272,0.143900632858276,0.264599770307541,0.0526543259620667,0,0.32198241353035,0,-0.116152666509151,0,-0.0273749139159918,-0.30912908911705,0.242964297533035,0,-0.651062965393066,0,0.0377242490649223,0,0.143420249223709,0.0963401049375534,-0.135275036096573,-0.186321094632149,-0.0247718822211027,-0.0293299779295921,0.0742295756936073,-0.208912685513496,0.362382918596268,0,0.0686975494027138,0,0.155058488249779,0.0570813491940498,-0.0573789589107037,0,-0.0294263120740652,0,0.2797532081604,0,0,-0.0248513221740723,0.0844990462064743
0,0.221841424703598,0,0,0,0.110625356435776,-0.00629294104874134,0,-0.174983814358711,-0.118282772600651,-0.197438910603523,-0.063124418258667,0.241649925708771,-0.160779565572739,1.00396265481729,0.0711251795291901,0.300305128097534,0,1.40328025817871,0,-0.0536873862147331,0.215029656887054,-0.288235247135162,0.291343957185745,0,-0.0405814610421658,-0.12242529541254,0.0500308386981487,-0.0195846315473318,0,-0.381069898605347,0.11936292797327,0,0.0734816044569016,0,0,0.105340048670769,0.6580650806427,-0.000333286647219211,0,0.407047301530838,0.222252994775772,0.239628627896309,0.17987759411335,-0.0729361101984978,0,0.949569225311279,0.0691669881343842,0,0.395216464996338,0.0562039874494076,0.166940793395042,0,-0.0616343393921852,-0.101836271584034,-0.108896650373936,0,0.0812631398439407,0.340706259012222,0,0,0,-0.0384918041527271,0.168932646512985,0.0370481051504612,0.0110232932493091,-0.0971883237361908,1.00472903251648,0.382062017917633,0.0373653247952461,0.358918517827988,0,-0.1813645362854,0.206903174519539,0.0308333858847618,-0.0518482364714146,0.121203362941742,0,-0.1466204226017,-0.079608291387558,0.1587975025177,0.716522932052612,0,0.332294464111328,0,0,0.278910309076309,0.581322968006134,0.106078542768955,0.520316898822784,0,0.558592021465302,0.153154924511909,0,0,1.80535495281219,0,0,-0.181229874491692,0,0.183321699500084,-0.155387967824936,0.301280796527863,0.288452357053757,0,0.357628256082535,0.218134567141533,-0.0186031106859446,0.0200435370206833,0.305113315582275,0.184416055679321,-0.0945945903658867,0,0.0279320701956749,-0.400303184986115,0,0.436188936233521,0.474758237600327,0.291381746530533,0,0,0,0.131985485553741,0.460299700498581,0.374493539333344,0.241156429052353,0.228196784853935,0,0.0876336172223091,0.408194780349731,0,0.023092906922102,0,-0.229104414582253,-0.0373971834778786,0.207050532102585,0.205368623137474,0.121840938925743,0.227852091193199,0.0702232271432877,2.13819527626038,0,0,0,0.539279699325562,-0.177152216434479,1.044074177742,0.316096156835556,0.307610720396042,0.522294104099274,0.188880786299706,0,0.143713727593422,0.309593200683594,0,0,0.0474469102919102,0.459976345300674,0,1.72933280467987,0.353564590215683,0.778997898101807,0.331264495849609,0,0.0473815277218819,0,0.0977507010102272
0,0,0.2864029109478,-0.0395527333021164,0.108661450445652,0,-0.220369398593903,0.101624950766563,0,0.0241675525903702,-0.0392774008214474,0,-0.0899385586380959,0.265546828508377,0.0711251795291901,1.00246865271888,0.26598197221756,-0.0427919700741768,0,0.27116197347641,-0.0513630099594593,0.0452772453427315,0,0,0,0,-0.0774104371666908,-0.0480627566576004,0,0,0,-0.225734040141106,0.115394838154316,0.367477178573608,0,-0.187222689390182,-0.213811099529266,-0.230942338705063,-0.0268408637493849,-0.147324860095978,0,-0.339803487062454,0.146104753017426,-0.142546415328979,0.166580736637115,0.129341810941696,0.09969662129879,0,0.0274153966456652,-0.028984846547246,0.10835625231266,0,0.0605281963944435,-0.35134345293045,0,0,-0.190221831202507,0,0,0,0.133686780929565,0.255429625511169,0,0.0915990173816681,-0.155920892953873,0.0418875813484192,0.0094694783911109,0,0,0.0370882339775562,0,-0.0959067940711975,-0.271640747785568,0.200266942381859,0.347617477178574,-0.0314792580902576,0,0,0,0,0.225937783718109,0.538512647151947,0,0.184111103415489,-0.0748701766133308,0,0.112515486776829,0,0.052158210426569,0,0.204091995954514,0.332417458295822,0,0,0.125048205256462,0.625188589096069,-0.285350620746613,-0.409330666065216,0,0.16228823363781,0.155022650957108,-0.110266417264938,0.000735917594283819,0,0.195454597473145,0.509794414043427,0,-0.0604889988899231,-0.082033097743988,-0.0465475730597973,0,0.0418599098920822,0.0405205972492695,0.315905004739761,0.0499704144895077,-0.120787568390369,-0.114086464047432,0.00233076815493405,0.152629151940346,0.309017866849899,0,0.064386248588562,0.400871306657791,0,0.551145732402802,0.0686030611395836,0,0,-0.105893328785896,0,0.174069136381149,0,0.152281939983368,0,0.185635253787041,0.232541650533676,-0.0515377297997475,0.236402124166489,-0.137224480509758,-0.0335639417171478,0.0639860928058624,-0.0576657392084599,0.0614272244274616,-0.0167387779802084,0,0,0.189765080809593,0.14235956966877,0,0,-0.0592094585299492,0,-0.00378080341033638,-0.0468148402869701,0,0,-0.110125429928303,0,-0.0206945780664682,0.0373215079307556,0,-0.0539118647575378,0.0988892540335655,0,0,0,0.120454959571362
0,0,-0.0962929353117943,0.157048732042313,0.14895361661911,0,-0.0406695157289505,0,0,0.0302010718733072,0,-0.00423121359199286,-0.203315407037735,0,0.300305128097534,0.26598197221756,1.00224820143286,0,0.237207472324371,0,0,0.44176509976387,0,0.352080136537552,0,0,0.137206211686134,0.340846806764603,0.553648233413696,-0.0948034226894379,0.286764740943909,0,0.0556335635483265,-0.301473379135132,0.378502875566483,-0.0639153122901917,0,-0.185533255338669,0,0.41940250992775,0.565560042858124,0,0,0,0,0,-0.0370652452111244,-0.0611011870205402,0.196769416332245,0,0,0.281844466924667,0,-0.0346578285098076,-0.117942824959755,0,0.13645926117897,0.0583118759095669,0.250464797019958,-0.244678676128387,0,0.142710208892822,0,0.113492578268051,0,0.327172845602036,0.452495634555817,0.36923348903656,0.147190392017365,0.0997838899493217,-0.0913809463381767,0.207142531871796,0,0.0869515389204025,0.609887778759003,0,0,0.0543394312262535,0.0625588148832321,0,0.0932641699910164,0.170241206884384,0.0898875147104263,0,0.160604521632195,-0.204979658126831,-0.195859462022781,0.390812188386917,0.0232717618346214,0,0.261854082345963,0,0,0.213098257780075,0.150894209742546,0.137374714016914,-0.129128873348236,0.402497172355652,0,0.277894079685211,0.0114256246015429,0.282131999731064,0.363657712936401,-0.222698152065277,0.0647832006216049,0.245272755622864,0.233674764633179,-0.029777854681015,0.135140046477318,0.0445495098829269,0.139759764075279,-0.214770928025246,-0.0714588016271591,0,0.165982767939568,0.043851088732481,0,0.293737888336182,0.126517981290817,-0.0366886146366596,0,0,-0.00461558438837528,-0.0135930655524135,0.0431917384266853,0.295606851577759,0.149833232164383,0.0253374129533768,0.345319002866745,0.0192832034081221,0.24551722407341,0.244585126638412,0.0274776052683592,-0.3426114320755,0.206150487065315,0.318674474954605,0.311604171991348,0.0758916214108467,9.71878471318632e-05,0.309413552284241,0,0,0.0793389678001404,0,0.195736050605774,0,0,0,0.113505989313126,0.221354708075523,-0.00712510477751493,-0.144484147429466,0.0453070253133774,-0.037846390157938,-0.178635999560356,0,0,-0.0672644525766373,0.0789498314261436,0,0.217863902449608,0,0.0225216522812843,0.17041589319706,0,0.309502065181732,0
0,0,0.187488093972206,0,-0.0286793373525143,0,-0.306852877140045,0,-0.0299977362155914,0.142896041274071,0,-0.0511629357933998,-0.00805223640054464,0.226505905389786,0,-0.0427919700741768,0,1.00363380659585,0.132667109370232,0.147447377443314,0,0.253613412380219,0,0,0.00140028959140182,0,0,0.535444736480713,0.193434834480286,-0.0157363060861826,0,0.363596051931381,0.264168292284012,0.175254613161087,0,0.0615488663315773,0.203826352953911,0.254431456327438,0,0.0495484061539173,0.105229280889034,0.263192117214203,0.0625443086028099,0,0.320712506771088,0.182237982749939,0.0746167749166489,0.203619882464409,0,0.0760571658611298,0.0269426684826612,0.273100346326828,0.186023607850075,0.367342829704285,-0.0703299567103386,0,-0.134604349732399,0.300197839736938,0.353363364934921,0,-0.0394772961735725,0,0.358442693948746,0.118491604924202,0,0.268879741430283,0,0,-0.0581771284341812,0.230431467294693,-0.154395297169685,0.143004700541496,0,0.301608949899673,0.235056638717651,0.200580611824989,0,0.147356018424034,0,0.240821734070778,0,0,0.0861129462718964,0,0,0.144682079553604,0.576363086700439,0.452073961496353,0,0.275382608175278,0.386496990919113,0.252011686563492,0.37081852555275,0,0.0301553662866354,0.18484054505825,0,0.45205169916153,0.128387868404388,-0.148387715220451,0.0691337734460831,0,0.25539955496788,0,0.113963909447193,0.454664558172226,0.0634082853794098,0.0105660324916244,0.579237818717957,0.274281859397888,0.149820879101753,0.267477661371231,0,0.745644867420197,0.288255572319031,-0.121214017271996,0.540891051292419,0.402883499860764,0.208910956978798,0.559715449810028,-0.461949706077576,-0.1268130838871,0.0622671395540237,0.189030945301056,0.320217967033386,0.84117603302002,0,-0.0754581168293953,0,0,0.103826195001602,-0.113954521715641,0.211667969822884,0,-0.0408434793353081,0.297324478626251,0,0.496172189712524,0.132093131542206,0.369273126125336,0,0.0328231044113636,0.0810591280460358,0,0.786473035812378,0,0.366822004318237,0.112677715718746,0.805242657661438,0.52036464214325,0.355104833841324,0,0.0200928896665573,0,0,0.134551450610161,0,0.298450708389282,0,0,0.221939355134964,0,0,0.609501540660858,0,0.0951276496052742,0
